                               Epoch   Weightlbs          Age       kcals Averagekcalsperday Averagekcalsperhour         METs Freedson1998Bouts TotalTimeinFreedson1998Bouts AvgTimeperFreedson1998Bout MaxTimeperFreedson1998Bout MinTimeperFreedson1998Bout
Epoch                             NA          NA           NA          NA                 NA                  NA           NA                NA                           NA                         NA                         NA                         NA
Weightlbs                         NA  1.00000000  0.057122796  0.84322204       0.8455342285        8.346549e-01 -0.210852459       -0.05892069                  -0.08670113               -0.095053979               -0.100995824                         NA
Age                               NA  0.05712280  1.000000000  0.01716197       0.0111859533        1.901432e-03 -0.274663272       -0.11340230                  -0.09905577                0.009058986               -0.013678191                         NA
kcals                             NA  0.84322204  0.017161970  1.00000000       0.9955502495        9.719165e-01  0.201457793        0.34000762                   0.31916642                0.065116887                0.107589536                         NA
Averagekcalsperday                NA  0.84553423  0.011185953  0.99555025       1.0000000000        9.897661e-01  0.236652205        0.32681775                   0.30814059                0.081751450                0.112348214                         NA
Averagekcalsperhour               NA  0.83465485  0.001901432  0.97191651       0.9897661010        1.000000e+00  0.285964967        0.30126383                   0.28618657                0.105595647                0.117614546                         NA
METs                              NA -0.21085246 -0.274663272  0.20145779       0.2366522046        2.859650e-01  1.000000000        0.71487943                   0.74753868                0.425009873                0.439304246                         NA
Freedson1998Bouts                 NA -0.05892069 -0.113402304  0.34000762       0.3268177550        3.012638e-01  0.714879433        1.00000000                   0.95200765                0.247835663                0.337661564                         NA
TotalTimeinFreedson1998Bouts      NA -0.08670113 -0.099055772  0.31916642       0.3081405851        2.861866e-01  0.747538679        0.95200765                   1.00000000                0.514070546                0.531858723                         NA
AvgTimeperFreedson1998Bout        NA -0.09505398  0.009058986  0.06511689       0.0817514495        1.055956e-01  0.425009873        0.24783566                   0.51407055                1.000000000                0.749301557                         NA
MaxTimeperFreedson1998Bout        NA -0.10099582 -0.013678191  0.10758954       0.1123482142        1.176145e-01  0.439304246        0.33766156                   0.53185872                0.749301557                1.000000000                         NA
MinTimeperFreedson1998Bout        NA          NA           NA          NA                 NA                  NA           NA                NA                           NA                         NA                         NA                         NA
TotalCountsinFreedson1998Bouts    NA -0.13718111 -0.077711707  0.26257523       0.2536113575        2.357604e-01  0.742758055        0.83666784                   0.94880110                0.667127130                0.647375558                         NA
TotalSedentaryBouts               NA -0.16504110 -0.038185649  0.05929227       0.0359024151        9.711284e-06  0.284928637        0.27478394                   0.24875767               -0.048330185                0.060173883                         NA
TotalTimeinSedentaryBouts         NA  0.23093370  0.109641332 -0.11905694      -0.1355621481       -1.582843e-01 -0.721889336       -0.42395174                  -0.36554852                0.032120450               -0.062265838                         NA
AverageLengthofSedentaryBouts     NA  0.18821942  0.088732636 -0.10683626      -0.1093335075       -1.112456e-01 -0.531177745       -0.32550407                  -0.28107788                0.061985420               -0.048931634                         NA
MaximumLengthofSedentaryBouts     NA  0.18909657  0.136745899 -0.09706287      -0.1014024911       -1.063266e-01 -0.613587086       -0.40294615                  -0.34307514                0.052898079               -0.051260006                         NA
                               TotalCountsinFreedson1998Bouts TotalSedentaryBouts TotalTimeinSedentaryBouts AverageLengthofSedentaryBouts MaximumLengthofSedentaryBouts MinimumLengthofSedentaryBouts DailyAverageofSedentaryBouts TotalSedentaryBreaks
Epoch                                                      NA                  NA                        NA                            NA                            NA                            NA                           NA                   NA
Weightlbs                                         -0.13718111       -1.650411e-01                0.23093370                    0.18821942                   0.189096572                  -0.059968571                   0.23133613        -1.650411e-01
Age                                               -0.07771171       -3.818565e-02                0.10964133                    0.08873264                   0.136745899                  -0.001875751                   0.10883147        -3.818565e-02
kcals                                              0.26257523        5.929227e-02               -0.11905694                   -0.10683626                  -0.097062869                  -0.086167224                  -0.12102593         5.929227e-02
Averagekcalsperday                                 0.25361136        3.590242e-02               -0.13556215                   -0.10933351                  -0.101402491                  -0.055513391                  -0.13591334         3.590242e-02
Averagekcalsperhour                                0.23576038        9.711284e-06               -0.15828430                   -0.11124561                  -0.106326584                  -0.008031952                  -0.15617999         9.711284e-06
METs                                               0.74275806        2.849286e-01               -0.72188934                   -0.53117774                  -0.613587086                   0.079692809                  -0.71752531         2.849286e-01
Freedson1998Bouts                                  0.83666784        2.747839e-01               -0.42395174                   -0.32550407                  -0.402946149                  -0.054492479                  -0.42788599         2.747839e-01
TotalTimeinFreedson1998Bouts                       0.94880110        2.487577e-01               -0.36554852                   -0.28107788                  -0.343075137                  -0.043979923                  -0.36889356         2.487577e-01
AvgTimeperFreedson1998Bout                         0.66712713       -4.833019e-02                0.03212045                    0.06198542                   0.052898079                   0.073820849                   0.03527258        -4.833019e-02
MaxTimeperFreedson1998Bout                         0.64737556        6.017388e-02               -0.06226584                   -0.04893163                  -0.051260006                   0.030024704                  -0.06164615         6.017388e-02
MinTimeperFreedson1998Bout                                 NA                  NA                        NA                            NA                            NA                            NA                           NA                   NA
TotalCountsinFreedson1998Bouts                     1.00000000        2.091368e-01               -0.29596326                   -0.22623206                  -0.265831535                  -0.013539316                  -0.29867843         2.091368e-01
TotalSedentaryBouts                                0.20913685        1.000000e+00               -0.56619185                   -0.76388916                  -0.676613553                  -0.334864498                  -0.57220670         1.000000e+00
TotalTimeinSedentaryBouts                         -0.29596326       -5.661919e-01                1.00000000                    0.81811647                   0.897443875                   0.061509264                   0.99984843        -5.661919e-01
AverageLengthofSedentaryBouts                     -0.22623206       -7.638892e-01                0.81811647                    1.00000000                   0.762085131                   0.435640757                   0.82005592        -7.638892e-01
MaximumLengthofSedentaryBouts                     -0.26583154       -6.766136e-01                0.89744388                    0.76208513                   1.000000000                   0.116219444                   0.89925596        -6.766136e-01
                               TotalTimeinSedentaryBreaks AveragelengthofSedentaryBreaks MaxLengthofSedentaryBreaks MinimumLengthofSedentaryBreaks DailyAverageofSedentaryBreaks    Sedentary       Light     Moderate    Vigorous VeryVigorous   TotalMVPA AverageMVPAperday
Epoch                                                  NA                             NA                         NA                             NA                            NA           NA          NA           NA          NA           NA          NA                NA
Weightlbs                                     -0.18980796                  -0.0164563502               -0.101012190                   -0.053081484                   -0.19001255  0.226552039 -0.12909914 -0.200751590 -0.06168982 -0.203124343 -0.20801951      -0.218721568
Age                                           -0.08161412                   0.0034822275                0.004851571                   -0.048593975                   -0.08187762  0.148063340  0.02795431 -0.124398743 -0.10384926  0.008752423 -0.13010453      -0.148315584
kcals                                          0.17049955                   0.0466037701                0.142175763                   -0.092686647                    0.17039895 -0.150985754 -0.03173592  0.176696858  0.34759223  0.046248109  0.24146952       0.231286879
Averagekcalsperday                             0.14079455                   0.0318889690                0.099706605                   -0.011277255                    0.14093728 -0.179774946 -0.05238197  0.150758024  0.33574634  0.043219537  0.21624549       0.224753918
Averagekcalsperhour                            0.09359014                   0.0092946663                0.033788264                    0.112102061                    0.09409899 -0.220354474 -0.08281305  0.108922442  0.31209501  0.038039275  0.17439259       0.211058456
METs                                           0.49551454                  -0.0016345376                0.162768479                    0.380135926                    0.49701014 -0.853318697  0.01520283  0.560662609  0.73463721  0.463899520  0.70991646       0.812189323
Freedson1998Bouts                              0.46738990                   0.1035614428                0.305711668                   -0.068282735                    0.46737476 -0.537926859 -0.16302318  0.585552091  0.89234325  0.302800933  0.75218890       0.748196462
TotalTimeinFreedson1998Bouts                   0.40745773                   0.0830897111                0.256799962                   -0.052808261                    0.40745766 -0.488148295 -0.22169563  0.481585690  0.93700522  0.486112703  0.69621269       0.695078989
AvgTimeperFreedson1998Bout                    -0.08521548                  -0.0326743609               -0.125543389                    0.164413695                   -0.08479630 -0.065844778 -0.34581777 -0.170873642  0.47438071  0.684725465  0.05160047       0.089553435
MaxTimeperFreedson1998Bout                     0.02934161                  -0.0277031108                0.002925219                    0.063940794                    0.02950834 -0.154187674 -0.25593191  0.026990480  0.48332400  0.610184210  0.21261868       0.230070100
MinTimeperFreedson1998Bout                             NA                             NA                         NA                             NA                            NA           NA          NA           NA          NA           NA          NA                NA
TotalCountsinFreedson1998Bouts                 0.33229555                   0.0765037109                0.201640084                   -0.029415441                    0.33229526 -0.407955249 -0.23564208  0.339289351  0.89594213  0.728847217  0.59312078       0.593188561
TotalSedentaryBouts                            0.64836153                  -0.5381177943                0.258039468                   -0.177478088                    0.64826149 -0.453502105  0.48900330  0.552882971  0.27658349  0.051718773  0.54222147       0.510532980
TotalTimeinSedentaryBouts                     -0.84771801                   0.0453971953               -0.350894992                   -0.231795069                   -0.84898516  0.946418650 -0.62233847 -0.795902767 -0.40200794 -0.055365371 -0.77936203      -0.843870164
AverageLengthofSedentaryBouts                 -0.75640603                   0.4679140118               -0.326037757                   -0.075455656                   -0.75717293  0.737587745 -0.56976798 -0.679514804 -0.31617734 -0.047464688 -0.65865175      -0.687893137
MaximumLengthofSedentaryBouts                 -0.80825926                   0.1297130455               -0.307534712                   -0.111214575                   -0.80912882  0.835646721 -0.61784211 -0.761171405 -0.38981308 -0.008090863 -0.74162189      -0.778130821
                               Axis1Counts Axis2Counts Axis3Counts Axis1AverageCounts Axis2AverageCounts Axis3AverageCounts Axis1MaxCounts Axis2MaxCounts Axis3MaxCounts      Axis1CPM    Axis2CPM     Axis3CPM VectorMagnitudeCounts VectorMagnitudeAverageCounts
Epoch                                   NA          NA          NA                 NA                 NA                 NA             NA             NA             NA            NA          NA           NA                    NA                           NA
Weightlbs                      -0.19582682 -0.23825030 -0.21162823      -0.1942342078        -0.23334901       -0.212144821    -0.23787164  -0.2430916421   -0.214506064 -0.1942342078 -0.23334901 -0.212144821           -0.21901287                 -0.218345332
Age                            -0.10757953 -0.05561707 -0.09484101      -0.1389617581        -0.08787106       -0.126362413    -0.09468719  -0.0272586517    0.022201807 -0.1389617581 -0.08787106 -0.126362413           -0.08764160                 -0.119999187
kcals                           0.28244481  0.21323337  0.25122524       0.2143658766         0.15039586        0.191601846    -0.12761302  -0.0833019094   -0.099494589  0.2143658766  0.15039586  0.191601846            0.25217282                  0.187237470
Averagekcalsperday              0.26372498  0.19630172  0.23201659       0.2507165524         0.18618333        0.224234093    -0.11790981  -0.0796475762   -0.097740904  0.2507165524  0.18618333  0.224234093            0.23356087                  0.222420958
Averagekcalsperhour             0.23092545  0.16732544  0.19898007       0.3015388700         0.23721925        0.269842291    -0.10103517  -0.0727354338   -0.093291063  0.3015388700  0.23721925  0.269842291            0.20141343                  0.271932812
METs                            0.81664122  0.77797595  0.78831691       0.9829538129         0.93500013        0.957166191     0.27282372   0.2815572772    0.226567582  0.9829538129  0.93500013  0.957166191            0.80640193                  0.972783136
Freedson1998Bouts               0.86481434  0.80210071  0.86025207       0.7311948169         0.67307442        0.745281928     0.09264875   0.1457429604    0.141269864  0.7311948169  0.67307442  0.745281928            0.85636577                  0.727111718
TotalTimeinFreedson1998Bouts    0.90675470  0.87528975  0.88149456       0.7846701277         0.75539906        0.778712315     0.16412075   0.2232707139    0.199665411  0.7846701277  0.75539906  0.778712315            0.90175900                  0.783030884
AvgTimeperFreedson1998Bout      0.43021232  0.50436461  0.36372900       0.5074097136         0.57201781        0.444665501     0.30504006   0.3323050619    0.282969364  0.5074097136  0.57201781  0.444665501            0.43705709                  0.510131936
MaxTimeperFreedson1998Bout      0.50133179  0.54145391  0.43335158       0.5014289243         0.53676064        0.442350907     0.33076839   0.3718953033    0.298187316  0.5014289243  0.53676064  0.442350907            0.49716928                  0.497057566
MinTimeperFreedson1998Bout              NA          NA          NA                 NA                 NA                 NA             NA             NA             NA            NA          NA           NA                    NA                           NA
TotalCountsinFreedson1998Bouts  0.90816404  0.91515899  0.85601297       0.8002066140         0.80670347        0.767575795     0.28944151   0.3554204111    0.321017324  0.8002066140  0.80670347  0.767575795            0.90591794                  0.800638390
TotalSedentaryBouts             0.39955371  0.37089422  0.41672308       0.2359290171         0.21369873        0.266610290    -0.03863388   0.0448864667   -0.021070204  0.2359290171  0.21369873  0.266610290            0.40301053                  0.247477000
TotalTimeinSedentaryBouts      -0.57827473 -0.50713665 -0.58926561      -0.6456043922        -0.57239982       -0.660056585    -0.08659070  -0.1122747379   -0.059209531 -0.6456043922 -0.57239982 -0.660056585           -0.56790586                 -0.641246685
AverageLengthofSedentaryBouts  -0.47690821 -0.41844313 -0.48074283      -0.4645471663        -0.40730447       -0.475083681    -0.04982734  -0.1051383789   -0.049427024 -0.4645471663 -0.40730447 -0.475083681           -0.46650968                 -0.461026819
MaximumLengthofSedentaryBouts  -0.53798783 -0.45812886 -0.55799340      -0.5343234122        -0.45609501       -0.560828106    -0.03060140  -0.0483665317   -0.020080820 -0.5343234122 -0.45609501 -0.560828106           -0.52760437                 -0.530618381
                               VectorMagnitudeMaxCounts VectorMagnitudeCPM StepsCounts StepsAverageCounts StepsMaxCounts StepsPerMinute LuxAverageCounts LuxMaxCounts NumberofEpochs          Time CalendarDays
Epoch                                                NA                 NA          NA                 NA             NA             NA               NA           NA             NA            NA           NA
Weightlbs                                  -0.259834336       -0.216812855 -0.19154230        -0.19770473    -0.21775154    -0.19770473               NA           NA   0.0163402523  0.0163402523   0.01384134
Age                                        -0.062759850       -0.119617223 -0.06699157        -0.09943720     0.03876452    -0.09943720               NA           NA   0.0647421342  0.0647421342   0.06392518
kcals                                      -0.110357463        0.187551110  0.27619836         0.22560716    -0.15738979     0.22560716               NA           NA   0.0951415470  0.0951415470   0.09240870
Averagekcalsperday                         -0.103482667        0.222888254  0.25441980         0.25251316    -0.15906433     0.25251316               NA           NA   0.0009718606  0.0009718606  -0.00183146
Averagekcalsperhour                        -0.091201910        0.272625899  0.21704983         0.28891259    -0.15892802     0.28891259               NA           NA  -0.1417063563 -0.1417063563  -0.14449598
METs                                        0.316823747        0.971933334  0.76733862         0.94762907     0.05620413     0.94762907               NA           NA  -0.3615538256 -0.3615538256  -0.36274379
Freedson1998Bouts                           0.139840618        0.727823012  0.83201352         0.74495287    -0.03482274     0.74495287               NA           NA   0.1573668055  0.1573668055   0.15480629
TotalTimeinFreedson1998Bouts                0.220111877        0.784467551  0.85543314         0.78072338    -0.02040244     0.78072338               NA           NA   0.1333907915  0.1333907915   0.13099363
AvgTimeperFreedson1998Bout                  0.356190891        0.513475644  0.34586503         0.43319341     0.02698825     0.43319341               NA           NA  -0.1726809037 -0.1726809037  -0.17281632
MaxTimeperFreedson1998Bout                  0.373365182        0.498672797  0.42664718         0.44667112     0.03218117     0.44667112               NA           NA  -0.0437773646 -0.0437773646  -0.04539953
MinTimeperFreedson1998Bout                           NA                 NA          NA                 NA             NA             NA               NA           NA             NA            NA           NA
TotalCountsinFreedson1998Bouts              0.361409782        0.802359420  0.82301151         0.76134636     0.02446013     0.76134636               NA           NA   0.1079980743  0.1079980743   0.10663683
TotalSedentaryBouts                        -0.008268646        0.243364498  0.43859245         0.30748707     0.12153572     0.30748707               NA           NA   0.2482259421  0.2482259421   0.24984401
TotalTimeinSedentaryBouts                  -0.125321266       -0.635809378 -0.62503730        -0.70695393    -0.12109549    -0.70695393               NA           NA   0.1686073559  0.1686073559   0.16900158
AverageLengthofSedentaryBouts              -0.090270668       -0.456034529 -0.51816450        -0.52523556    -0.14637335    -0.52523556               NA           NA   0.0206563326  0.0206563326   0.02153847
MaximumLengthofSedentaryBouts              -0.059044081       -0.525800202 -0.58252758        -0.59960689    -0.10072459    -0.59960689               NA           NA   0.0414320165  0.0414320165   0.04145002
 [ reached getOption("max.print") -- omitted 40 rows ]
